# Array shape: (5, 5, 1, 32)
1.081779450178146362e-01 1.151196509599685669e-01 1.233956441283226013e-01 0.000000000000000000e+00 1.375178247690200806e-01 -0.000000000000000000e+00 -0.000000000000000000e+00 1.235848441720008850e-01 -0.000000000000000000e+00 -0.000000000000000000e+00 -0.000000000000000000e+00 0.000000000000000000e+00 -1.330968141555786133e-01 -0.000000000000000000e+00 -0.000000000000000000e+00 1.848794221878051758e-01 -0.000000000000000000e+00 -0.000000000000000000e+00 -0.000000000000000000e+00 0.000000000000000000e+00 1.125380769371986389e-01 0.000000000000000000e+00 0.000000000000000000e+00 0.000000000000000000e+00 -0.000000000000000000e+00 0.000000000000000000e+00 1.094330027699470520e-01 0.000000000000000000e+00 -0.000000000000000000e+00 -0.000000000000000000e+00 -1.918687820434570312e-01 -1.142021566629409790e-01
# New slice
-1.337190419435501099e-01 -1.863896548748016357e-01 -1.185021623969078064e-01 1.073270440101623535e-01 0.000000000000000000e+00 -1.154853627085685730e-01 -1.957341730594635010e-01 -0.000000000000000000e+00 1.262277513742446899e-01 -0.000000000000000000e+00 -1.658423990011215210e-01 -1.157445535063743591e-01 0.000000000000000000e+00 1.819345057010650635e-01 0.000000000000000000e+00 0.000000000000000000e+00 1.153502389788627625e-01 1.196679547429084778e-01 -1.239405199885368347e-01 0.000000000000000000e+00 0.000000000000000000e+00 -0.000000000000000000e+00 -0.000000000000000000e+00 1.106588616967201233e-01 -0.000000000000000000e+00 0.000000000000000000e+00 0.000000000000000000e+00 0.000000000000000000e+00 0.000000000000000000e+00 -1.043425351381301880e-01 1.314251720905303955e-01 -1.449434310197830200e-01
# New slice
0.000000000000000000e+00 0.000000000000000000e+00 1.417997926473617554e-01 -0.000000000000000000e+00 1.474508047103881836e-01 -1.019672900438308716e-01 1.225421354174613953e-01 -0.000000000000000000e+00 1.126087307929992676e-01 -1.388260126113891602e-01 0.000000000000000000e+00 -0.000000000000000000e+00 0.000000000000000000e+00 0.000000000000000000e+00 -0.000000000000000000e+00 -0.000000000000000000e+00 0.000000000000000000e+00 1.146543771028518677e-01 -1.328385025262832642e-01 -0.000000000000000000e+00 0.000000000000000000e+00 1.383228152990341187e-01 1.150076910853385925e-01 -0.000000000000000000e+00 0.000000000000000000e+00 1.761818081140518188e-01 0.000000000000000000e+00 0.000000000000000000e+00 -0.000000000000000000e+00 -0.000000000000000000e+00 -0.000000000000000000e+00 -1.091652661561965942e-01
# New slice
-0.000000000000000000e+00 0.000000000000000000e+00 -0.000000000000000000e+00 1.238349452614784241e-01 -1.737108677625656128e-01 -0.000000000000000000e+00 0.000000000000000000e+00 0.000000000000000000e+00 1.620005667209625244e-01 0.000000000000000000e+00 1.248515248298645020e-01 0.000000000000000000e+00 -0.000000000000000000e+00 -0.000000000000000000e+00 -1.084707230329513550e-01 -0.000000000000000000e+00 -1.793600618839263916e-01 -0.000000000000000000e+00 -0.000000000000000000e+00 0.000000000000000000e+00 -1.709102988243103027e-01 -1.873356997966766357e-01 -0.000000000000000000e+00 0.000000000000000000e+00 -0.000000000000000000e+00 -0.000000000000000000e+00 0.000000000000000000e+00 1.367353200912475586e-01 1.941630840301513672e-01 1.578013300895690918e-01 0.000000000000000000e+00 -0.000000000000000000e+00
# New slice
-0.000000000000000000e+00 -0.000000000000000000e+00 -1.890735924243927002e-01 0.000000000000000000e+00 0.000000000000000000e+00 0.000000000000000000e+00 0.000000000000000000e+00 1.698489934206008911e-01 0.000000000000000000e+00 -0.000000000000000000e+00 -1.944241970777511597e-01 0.000000000000000000e+00 0.000000000000000000e+00 0.000000000000000000e+00 -0.000000000000000000e+00 0.000000000000000000e+00 0.000000000000000000e+00 -1.231247931718826294e-01 -0.000000000000000000e+00 0.000000000000000000e+00 -0.000000000000000000e+00 0.000000000000000000e+00 0.000000000000000000e+00 0.000000000000000000e+00 -1.813532412052154541e-01 -0.000000000000000000e+00 -0.000000000000000000e+00 -0.000000000000000000e+00 0.000000000000000000e+00 -0.000000000000000000e+00 -0.000000000000000000e+00 0.000000000000000000e+00
# New slice
1.147406622767448425e-01 -1.223119348287582397e-01 -0.000000000000000000e+00 0.000000000000000000e+00 1.115438342094421387e-01 -0.000000000000000000e+00 -1.302496343851089478e-01 -0.000000000000000000e+00 -0.000000000000000000e+00 -1.076777130365371704e-01 1.147789582610130310e-01 -0.000000000000000000e+00 0.000000000000000000e+00 -0.000000000000000000e+00 0.000000000000000000e+00 1.140293255448341370e-01 -0.000000000000000000e+00 -0.000000000000000000e+00 0.000000000000000000e+00 -0.000000000000000000e+00 1.156921833753585815e-01 1.650810241699218750e-01 -0.000000000000000000e+00 0.000000000000000000e+00 0.000000000000000000e+00 -0.000000000000000000e+00 -0.000000000000000000e+00 -0.000000000000000000e+00 0.000000000000000000e+00 1.893034279346466064e-01 0.000000000000000000e+00 0.000000000000000000e+00
# New slice
0.000000000000000000e+00 -0.000000000000000000e+00 -0.000000000000000000e+00 0.000000000000000000e+00 -1.027063280344009399e-01 -0.000000000000000000e+00 1.277858018875122070e-01 -0.000000000000000000e+00 0.000000000000000000e+00 -0.000000000000000000e+00 -0.000000000000000000e+00 -0.000000000000000000e+00 1.385338157415390015e-01 -1.794896721839904785e-01 -0.000000000000000000e+00 -0.000000000000000000e+00 0.000000000000000000e+00 1.752576380968093872e-01 -0.000000000000000000e+00 0.000000000000000000e+00 -0.000000000000000000e+00 0.000000000000000000e+00 0.000000000000000000e+00 -1.661583036184310913e-01 -1.467964351177215576e-01 1.212594583630561829e-01 -1.288600265979766846e-01 0.000000000000000000e+00 -0.000000000000000000e+00 -0.000000000000000000e+00 -0.000000000000000000e+00 0.000000000000000000e+00
# New slice
-0.000000000000000000e+00 -0.000000000000000000e+00 -0.000000000000000000e+00 -0.000000000000000000e+00 1.374187171459197998e-01 -0.000000000000000000e+00 1.229968294501304626e-01 -0.000000000000000000e+00 0.000000000000000000e+00 -0.000000000000000000e+00 -0.000000000000000000e+00 -1.289262920618057251e-01 -0.000000000000000000e+00 0.000000000000000000e+00 -0.000000000000000000e+00 0.000000000000000000e+00 -0.000000000000000000e+00 -0.000000000000000000e+00 0.000000000000000000e+00 -1.259394139051437378e-01 1.375514119863510132e-01 -1.335080862045288086e-01 -0.000000000000000000e+00 -0.000000000000000000e+00 -1.602981239557266235e-01 -0.000000000000000000e+00 -1.363858431577682495e-01 0.000000000000000000e+00 0.000000000000000000e+00 0.000000000000000000e+00 -0.000000000000000000e+00 -0.000000000000000000e+00
# New slice
1.633851975202560425e-01 -0.000000000000000000e+00 0.000000000000000000e+00 0.000000000000000000e+00 -0.000000000000000000e+00 1.113144904375076294e-01 -0.000000000000000000e+00 -0.000000000000000000e+00 1.590844392776489258e-01 0.000000000000000000e+00 -1.309150606393814087e-01 0.000000000000000000e+00 1.110724732279777527e-01 -1.083115711808204651e-01 0.000000000000000000e+00 -0.000000000000000000e+00 -0.000000000000000000e+00 0.000000000000000000e+00 -0.000000000000000000e+00 0.000000000000000000e+00 -0.000000000000000000e+00 -1.015034765005111694e-01 0.000000000000000000e+00 0.000000000000000000e+00 -1.472359746694564819e-01 1.097996830940246582e-01 0.000000000000000000e+00 0.000000000000000000e+00 0.000000000000000000e+00 0.000000000000000000e+00 -0.000000000000000000e+00 1.194918379187583923e-01
# New slice
-0.000000000000000000e+00 0.000000000000000000e+00 0.000000000000000000e+00 1.645479947328567505e-01 -0.000000000000000000e+00 0.000000000000000000e+00 0.000000000000000000e+00 0.000000000000000000e+00 -1.338442862033843994e-01 0.000000000000000000e+00 1.978588402271270752e-01 0.000000000000000000e+00 -0.000000000000000000e+00 -0.000000000000000000e+00 1.264703124761581421e-01 0.000000000000000000e+00 0.000000000000000000e+00 1.283510029315948486e-01 1.367841809988021851e-01 -0.000000000000000000e+00 -1.722937226295471191e-01 -0.000000000000000000e+00 1.095698326826095581e-01 -0.000000000000000000e+00 1.565730422735214233e-01 -0.000000000000000000e+00 -1.338127702474594116e-01 0.000000000000000000e+00 -1.920329481363296509e-01 1.208818554878234863e-01 0.000000000000000000e+00 -0.000000000000000000e+00
# New slice
-0.000000000000000000e+00 0.000000000000000000e+00 -1.079175248742103577e-01 1.487728506326675415e-01 1.126162111759185791e-01 0.000000000000000000e+00 0.000000000000000000e+00 -0.000000000000000000e+00 0.000000000000000000e+00 -0.000000000000000000e+00 1.812736541032791138e-01 0.000000000000000000e+00 -0.000000000000000000e+00 -0.000000000000000000e+00 1.765004843473434448e-01 0.000000000000000000e+00 -1.316721290349960327e-01 1.356249004602432251e-01 0.000000000000000000e+00 -0.000000000000000000e+00 -0.000000000000000000e+00 0.000000000000000000e+00 -1.967879980802536011e-01 0.000000000000000000e+00 -0.000000000000000000e+00 -1.419678330421447754e-01 0.000000000000000000e+00 0.000000000000000000e+00 -0.000000000000000000e+00 1.277303695678710938e-01 -0.000000000000000000e+00 -1.737116277217864990e-01
# New slice
-0.000000000000000000e+00 0.000000000000000000e+00 0.000000000000000000e+00 0.000000000000000000e+00 -1.472163349390029907e-01 -1.317877024412155151e-01 -0.000000000000000000e+00 1.313301771879196167e-01 -1.414238512516021729e-01 -1.695697754621505737e-01 -0.000000000000000000e+00 -1.626330465078353882e-01 1.750854998826980591e-01 0.000000000000000000e+00 1.903536468744277954e-01 -0.000000000000000000e+00 -0.000000000000000000e+00 0.000000000000000000e+00 1.405875384807586670e-01 -0.000000000000000000e+00 1.409375965595245361e-01 0.000000000000000000e+00 -1.586445271968841553e-01 1.586640179157257080e-01 -0.000000000000000000e+00 0.000000000000000000e+00 -0.000000000000000000e+00 1.536285579204559326e-01 -1.058044806122779846e-01 0.000000000000000000e+00 0.000000000000000000e+00 -0.000000000000000000e+00
# New slice
0.000000000000000000e+00 0.000000000000000000e+00 -1.545099467039108276e-01 -0.000000000000000000e+00 0.000000000000000000e+00 -1.225436553359031677e-01 -0.000000000000000000e+00 -0.000000000000000000e+00 0.000000000000000000e+00 1.356764882802963257e-01 0.000000000000000000e+00 0.000000000000000000e+00 0.000000000000000000e+00 0.000000000000000000e+00 0.000000000000000000e+00 1.195446997880935669e-01 -0.000000000000000000e+00 -1.327687948942184448e-01 1.826167255640029907e-01 0.000000000000000000e+00 -1.176398843526840210e-01 1.287076324224472046e-01 -0.000000000000000000e+00 0.000000000000000000e+00 0.000000000000000000e+00 1.247503682971000671e-01 -0.000000000000000000e+00 -1.559646874666213989e-01 0.000000000000000000e+00 -1.786797195672988892e-01 -0.000000000000000000e+00 0.000000000000000000e+00
# New slice
0.000000000000000000e+00 0.000000000000000000e+00 0.000000000000000000e+00 0.000000000000000000e+00 0.000000000000000000e+00 -0.000000000000000000e+00 1.361860930919647217e-01 -0.000000000000000000e+00 0.000000000000000000e+00 -0.000000000000000000e+00 -0.000000000000000000e+00 -1.683560162782669067e-01 -1.038812622427940369e-01 -0.000000000000000000e+00 1.499002873897552490e-01 1.495378911495208740e-01 0.000000000000000000e+00 -0.000000000000000000e+00 -1.436327695846557617e-01 -0.000000000000000000e+00 0.000000000000000000e+00 0.000000000000000000e+00 -1.050256863236427307e-01 1.441832631826400757e-01 0.000000000000000000e+00 -0.000000000000000000e+00 0.000000000000000000e+00 1.144505292177200317e-01 0.000000000000000000e+00 0.000000000000000000e+00 1.177164763212203979e-01 -1.582609862089157104e-01
# New slice
-1.909705102443695068e-01 -0.000000000000000000e+00 1.578720510005950928e-01 0.000000000000000000e+00 0.000000000000000000e+00 -0.000000000000000000e+00 -1.244619861245155334e-01 -0.000000000000000000e+00 -1.180094107985496521e-01 0.000000000000000000e+00 0.000000000000000000e+00 0.000000000000000000e+00 0.000000000000000000e+00 0.000000000000000000e+00 0.000000000000000000e+00 1.189016476273536682e-01 1.276797950267791748e-01 -0.000000000000000000e+00 0.000000000000000000e+00 0.000000000000000000e+00 0.000000000000000000e+00 -1.223207861185073853e-01 0.000000000000000000e+00 0.000000000000000000e+00 0.000000000000000000e+00 -0.000000000000000000e+00 -0.000000000000000000e+00 0.000000000000000000e+00 1.233829185366630554e-01 -0.000000000000000000e+00 0.000000000000000000e+00 0.000000000000000000e+00
# New slice
0.000000000000000000e+00 1.585213690996170044e-01 -0.000000000000000000e+00 0.000000000000000000e+00 0.000000000000000000e+00 -0.000000000000000000e+00 -0.000000000000000000e+00 -0.000000000000000000e+00 -0.000000000000000000e+00 0.000000000000000000e+00 -0.000000000000000000e+00 0.000000000000000000e+00 -0.000000000000000000e+00 -0.000000000000000000e+00 -1.646454930305480957e-01 1.288282275199890137e-01 -0.000000000000000000e+00 0.000000000000000000e+00 1.687018424272537231e-01 -0.000000000000000000e+00 -0.000000000000000000e+00 -0.000000000000000000e+00 1.458548158407211304e-01 -1.126952096819877625e-01 1.473161429166793823e-01 -0.000000000000000000e+00 0.000000000000000000e+00 -1.133811846375465393e-01 -0.000000000000000000e+00 -0.000000000000000000e+00 0.000000000000000000e+00 0.000000000000000000e+00
# New slice
-0.000000000000000000e+00 -0.000000000000000000e+00 -0.000000000000000000e+00 -1.258087456226348877e-01 0.000000000000000000e+00 0.000000000000000000e+00 -0.000000000000000000e+00 1.316114217042922974e-01 -0.000000000000000000e+00 0.000000000000000000e+00 -0.000000000000000000e+00 -0.000000000000000000e+00 -0.000000000000000000e+00 0.000000000000000000e+00 0.000000000000000000e+00 0.000000000000000000e+00 0.000000000000000000e+00 -0.000000000000000000e+00 0.000000000000000000e+00 -0.000000000000000000e+00 0.000000000000000000e+00 -0.000000000000000000e+00 0.000000000000000000e+00 1.230767741799354553e-01 -0.000000000000000000e+00 1.132799610495567322e-01 0.000000000000000000e+00 1.323986947536468506e-01 1.398849785327911377e-01 -0.000000000000000000e+00 0.000000000000000000e+00 -1.794154047966003418e-01
# New slice
-0.000000000000000000e+00 -0.000000000000000000e+00 -1.343465745449066162e-01 -0.000000000000000000e+00 -0.000000000000000000e+00 1.203543767333030701e-01 0.000000000000000000e+00 -0.000000000000000000e+00 -0.000000000000000000e+00 -0.000000000000000000e+00 0.000000000000000000e+00 0.000000000000000000e+00 -1.322080940008163452e-01 1.030638590455055237e-01 0.000000000000000000e+00 0.000000000000000000e+00 0.000000000000000000e+00 -1.302285343408584595e-01 -1.044329255819320679e-01 0.000000000000000000e+00 -1.156959161162376404e-01 -0.000000000000000000e+00 -0.000000000000000000e+00 -0.000000000000000000e+00 0.000000000000000000e+00 -0.000000000000000000e+00 -0.000000000000000000e+00 0.000000000000000000e+00 0.000000000000000000e+00 -1.456913053989410400e-01 0.000000000000000000e+00 -0.000000000000000000e+00
# New slice
1.052871271967887878e-01 0.000000000000000000e+00 0.000000000000000000e+00 0.000000000000000000e+00 -0.000000000000000000e+00 -0.000000000000000000e+00 -0.000000000000000000e+00 -0.000000000000000000e+00 -0.000000000000000000e+00 0.000000000000000000e+00 0.000000000000000000e+00 0.000000000000000000e+00 -0.000000000000000000e+00 0.000000000000000000e+00 1.270420998334884644e-01 0.000000000000000000e+00 0.000000000000000000e+00 1.288539469242095947e-01 -0.000000000000000000e+00 0.000000000000000000e+00 0.000000000000000000e+00 -0.000000000000000000e+00 0.000000000000000000e+00 -1.432453095912933350e-01 -0.000000000000000000e+00 -0.000000000000000000e+00 -0.000000000000000000e+00 0.000000000000000000e+00 -1.193332821130752563e-01 -0.000000000000000000e+00 -0.000000000000000000e+00 0.000000000000000000e+00
# New slice
0.000000000000000000e+00 0.000000000000000000e+00 0.000000000000000000e+00 0.000000000000000000e+00 -1.269285380840301514e-01 -1.074296608567237854e-01 -0.000000000000000000e+00 0.000000000000000000e+00 0.000000000000000000e+00 0.000000000000000000e+00 -0.000000000000000000e+00 1.623014807701110840e-01 0.000000000000000000e+00 0.000000000000000000e+00 -0.000000000000000000e+00 1.734482198953628540e-01 1.171146035194396973e-01 1.727842539548873901e-01 0.000000000000000000e+00 0.000000000000000000e+00 0.000000000000000000e+00 0.000000000000000000e+00 0.000000000000000000e+00 -0.000000000000000000e+00 -1.131911724805831909e-01 -0.000000000000000000e+00 1.342293620109558105e-01 0.000000000000000000e+00 -0.000000000000000000e+00 -0.000000000000000000e+00 0.000000000000000000e+00 1.512916386127471924e-01
# New slice
-0.000000000000000000e+00 -0.000000000000000000e+00 0.000000000000000000e+00 -1.109257936477661133e-01 -1.493018567562103271e-01 -0.000000000000000000e+00 0.000000000000000000e+00 -0.000000000000000000e+00 -0.000000000000000000e+00 -0.000000000000000000e+00 1.501942723989486694e-01 0.000000000000000000e+00 0.000000000000000000e+00 0.000000000000000000e+00 0.000000000000000000e+00 -0.000000000000000000e+00 0.000000000000000000e+00 0.000000000000000000e+00 -0.000000000000000000e+00 1.282679885625839233e-01 0.000000000000000000e+00 -0.000000000000000000e+00 -0.000000000000000000e+00 -1.252745985984802246e-01 0.000000000000000000e+00 0.000000000000000000e+00 0.000000000000000000e+00 -0.000000000000000000e+00 -0.000000000000000000e+00 0.000000000000000000e+00 0.000000000000000000e+00 0.000000000000000000e+00
# New slice
0.000000000000000000e+00 0.000000000000000000e+00 -1.175507828593254089e-01 -0.000000000000000000e+00 -0.000000000000000000e+00 1.096297129988670349e-01 -0.000000000000000000e+00 -0.000000000000000000e+00 1.333200186491012573e-01 -0.000000000000000000e+00 -0.000000000000000000e+00 -1.298398226499557495e-01 -0.000000000000000000e+00 -1.619397103786468506e-01 -0.000000000000000000e+00 -1.851714998483657837e-01 0.000000000000000000e+00 1.220824718475341797e-01 -0.000000000000000000e+00 -0.000000000000000000e+00 -0.000000000000000000e+00 -1.914508193731307983e-01 1.132143214344978333e-01 0.000000000000000000e+00 0.000000000000000000e+00 0.000000000000000000e+00 0.000000000000000000e+00 1.029350310564041138e-01 0.000000000000000000e+00 0.000000000000000000e+00 0.000000000000000000e+00 -1.564459204673767090e-01
# New slice
-1.509338468313217163e-01 0.000000000000000000e+00 -1.092781201004981995e-01 -0.000000000000000000e+00 0.000000000000000000e+00 1.413303464651107788e-01 -1.436233818531036377e-01 0.000000000000000000e+00 0.000000000000000000e+00 0.000000000000000000e+00 -1.197378560900688171e-01 0.000000000000000000e+00 1.463860422372817993e-01 -0.000000000000000000e+00 -0.000000000000000000e+00 -1.078120544552803040e-01 0.000000000000000000e+00 -1.368330121040344238e-01 1.326185464859008789e-01 0.000000000000000000e+00 1.567469984292984009e-01 0.000000000000000000e+00 -0.000000000000000000e+00 1.568401604890823364e-01 0.000000000000000000e+00 1.516671776771545410e-01 -0.000000000000000000e+00 0.000000000000000000e+00 -0.000000000000000000e+00 0.000000000000000000e+00 0.000000000000000000e+00 0.000000000000000000e+00
# New slice
-0.000000000000000000e+00 -1.709824651479721069e-01 -0.000000000000000000e+00 0.000000000000000000e+00 -0.000000000000000000e+00 0.000000000000000000e+00 0.000000000000000000e+00 -0.000000000000000000e+00 -0.000000000000000000e+00 -0.000000000000000000e+00 -0.000000000000000000e+00 0.000000000000000000e+00 -0.000000000000000000e+00 1.795833110809326172e-01 1.721549481153488159e-01 0.000000000000000000e+00 -0.000000000000000000e+00 1.075065284967422485e-01 0.000000000000000000e+00 0.000000000000000000e+00 1.207089722156524658e-01 0.000000000000000000e+00 -0.000000000000000000e+00 1.218451783061027527e-01 -0.000000000000000000e+00 -1.012284830212593079e-01 1.338375061750411987e-01 0.000000000000000000e+00 -0.000000000000000000e+00 0.000000000000000000e+00 -0.000000000000000000e+00 -0.000000000000000000e+00
# New slice
0.000000000000000000e+00 0.000000000000000000e+00 0.000000000000000000e+00 0.000000000000000000e+00 -0.000000000000000000e+00 -0.000000000000000000e+00 -0.000000000000000000e+00 -1.229574456810951233e-01 -1.158877387642860413e-01 1.545381098985671997e-01 -0.000000000000000000e+00 0.000000000000000000e+00 -0.000000000000000000e+00 0.000000000000000000e+00 0.000000000000000000e+00 1.462813168764114380e-01 -1.277433186769485474e-01 -0.000000000000000000e+00 0.000000000000000000e+00 1.451471894979476929e-01 0.000000000000000000e+00 0.000000000000000000e+00 1.933690458536148071e-01 -1.135236248373985291e-01 0.000000000000000000e+00 0.000000000000000000e+00 -0.000000000000000000e+00 0.000000000000000000e+00 0.000000000000000000e+00 -1.917463988065719604e-01 0.000000000000000000e+00 0.000000000000000000e+00
# New slice
