# Array shape: (5, 5, 1, 32)
1.083834916353225708e-01 1.148422732949256897e-01 1.228351965546607971e-01 -4.868835676461458206e-04 1.368738561868667603e-01 -0.000000000000000000e+00 4.470677522476762533e-04 1.229052767157554626e-01 -0.000000000000000000e+00 -4.868835676461458206e-04 -0.000000000000000000e+00 -1.762151805451139808e-04 -1.340968161821365356e-01 -1.968140713870525360e-04 -8.872539183357730508e-05 1.847145706415176392e-01 4.868835676461458206e-04 6.967528024688363075e-04 5.172653472982347012e-04 0.000000000000000000e+00 1.127029284834861755e-01 -3.536725998856127262e-04 -3.536725998856127262e-04 0.000000000000000000e+00 -1.673504925747693051e-06 -8.452259353362023830e-04 1.097169741988182068e-01 8.872539183357730508e-05 -8.872539183357730508e-05 -0.000000000000000000e+00 -1.921923160552978516e-01 -1.142021566629409790e-01
# New slice
-1.337982118129730225e-01 -1.868683546781539917e-01 -1.187421828508377075e-01 1.066474765539169312e-01 -4.470677522476762533e-04 -1.154853627085685730e-01 -1.954858005046844482e-01 -4.868835676461458206e-04 1.262277513742446899e-01 -4.868835676461458206e-04 -1.658423990011215210e-01 -1.155291795730590820e-01 -8.452259353362023830e-04 1.820003241300582886e-01 -8.872539183357730508e-05 8.872539183357730508e-05 1.155414208769798279e-01 1.199582815170288086e-01 -1.233003810048103333e-01 0.000000000000000000e+00 -8.872539183357730508e-05 -8.938215614762157202e-05 -3.536725998856127262e-04 1.106588616967201233e-01 -4.868835676461458206e-04 -8.452259353362023830e-04 4.868835676461458206e-04 8.872539183357730508e-05 -4.669742793339537457e-06 -1.043425351381301880e-01 1.312695890665054321e-01 -1.449434310197830200e-01
# New slice
2.437612274661660194e-04 -3.982060297857969999e-04 1.415597796440124512e-01 -4.868835676461458206e-04 1.468068361282348633e-01 -1.019672900438308716e-01 1.223509535193443298e-01 -8.872539183357730508e-05 1.126087307929992676e-01 -1.390171945095062256e-01 0.000000000000000000e+00 1.913433807203546166e-04 -8.452259353362023830e-04 -1.657057000556960702e-04 3.536725998856127262e-04 8.872539183357730508e-05 4.868835676461458206e-04 1.149338856339454651e-01 -1.320899426937103271e-01 -0.000000000000000000e+00 3.536725998856127262e-04 1.378647834062576294e-01 1.150184050202369690e-01 -0.000000000000000000e+00 -4.868835676461458206e-04 1.751818060874938965e-01 4.448560503078624606e-05 8.872539183357730508e-05 4.868835676461458206e-04 -0.000000000000000000e+00 -4.470677522476762533e-04 -1.091652661561965942e-01
# New slice
-6.839798152213916183e-05 -4.578403313644230366e-04 -3.536725998856127262e-04 1.231553778052330017e-01 -1.743548363447189331e-01 -0.000000000000000000e+00 -4.868835676461458206e-04 -8.872539183357730508e-05 1.620005667209625244e-01 -4.868835676461458206e-04 1.248515248298645020e-01 8.193832472898066044e-04 -3.536725998856127262e-04 -9.667182894190773368e-05 -1.086018085479736328e-01 8.872539183357730508e-05 -1.791127771139144897e-01 6.909756339155137539e-04 8.452259353362023830e-04 0.000000000000000000e+00 -1.699102967977523804e-01 -1.882949322462081909e-01 4.868835676461458206e-04 0.000000000000000000e+00 4.868835676461458206e-04 -8.452259353362023830e-04 4.448560503078624606e-05 1.365704685449600220e-01 1.947235316038131714e-01 1.578013300895690918e-01 -4.470677522476762533e-04 -0.000000000000000000e+00
# New slice
-2.492181374691426754e-04 -4.687551991082727909e-04 -1.896340399980545044e-01 -4.868835676461458206e-04 -4.470677522476762533e-04 0.000000000000000000e+00 -4.868835676461458206e-04 1.700138449668884277e-01 0.000000000000000000e+00 -8.452259353362023830e-04 -1.944241970777511597e-01 8.452259353362023830e-04 -3.536725998856127262e-04 -3.826688334811478853e-04 4.470677522476762533e-04 8.872539183357730508e-05 8.872539183357730508e-05 -1.232648119330406189e-01 8.452259353362023830e-04 0.000000000000000000e+00 8.452259353362023830e-04 -8.230847306549549103e-04 4.448560503078624606e-05 0.000000000000000000e+00 -1.806736737489700317e-01 -8.452259353362023830e-04 -4.470677522476762533e-04 8.872539183357730508e-05 3.536725998856127262e-04 -0.000000000000000000e+00 -8.452259353362023830e-04 0.000000000000000000e+00
# New slice
1.150602176785469055e-01 -1.227002069354057312e-01 -9.666130790719762444e-05 -4.868835676461458206e-04 1.108998730778694153e-01 -0.000000000000000000e+00 -1.299261003732681274e-01 -4.868835676461458206e-04 -0.000000000000000000e+00 -1.078688949346542358e-01 1.147789582610130310e-01 -5.443921545520424843e-04 -8.452259353362023830e-04 -1.278418640140444040e-04 -8.872539183357730508e-05 1.138644739985466003e-01 4.868835676461458206e-04 7.206852314993739128e-04 3.864206664729863405e-04 -0.000000000000000000e+00 1.158570349216461182e-01 1.648766100406646729e-01 -8.452259353362023830e-04 0.000000000000000000e+00 -4.868835676461458206e-04 -8.452259353362023830e-04 4.868835676461458206e-04 8.872539183357730508e-05 4.517525085248053074e-04 1.893034279346466064e-01 -8.872539183357730508e-05 0.000000000000000000e+00
# New slice
7.785664638504385948e-04 -3.693246108014136553e-04 4.669742793339537457e-06 -4.868835676461458206e-04 -1.033502891659736633e-01 -0.000000000000000000e+00 1.277137398719787598e-01 -4.868835676461458206e-04 0.000000000000000000e+00 -4.868835676461458206e-04 -0.000000000000000000e+00 7.179778913268819451e-05 1.375338137149810791e-01 -1.796670705080032349e-01 -4.868835676461458206e-04 8.872539183357730508e-05 4.868835676461458206e-04 1.755671203136444092e-01 7.129519362933933735e-04 0.000000000000000000e+00 -8.872539183357730508e-05 4.448560503078624606e-05 -3.536725998856127262e-04 -1.661583036184310913e-01 -1.474760025739669800e-01 1.202594637870788574e-01 -1.281804591417312622e-01 8.872539183357730508e-05 3.706843708641827106e-04 -0.000000000000000000e+00 -4.470677522476762533e-04 0.000000000000000000e+00
# New slice
7.522572414018213749e-04 -4.627155722118914127e-04 3.962178889196366072e-04 -4.868835676461458206e-04 1.371703445911407471e-01 -0.000000000000000000e+00 1.232452020049095154e-01 -8.872539183357730508e-05 0.000000000000000000e+00 -4.868835676461458206e-04 -0.000000000000000000e+00 -1.283741444349288940e-01 -8.452259353362023830e-04 -2.228949888376519084e-04 -4.448560503078624606e-05 8.872539183357730508e-05 8.872539183357730508e-05 6.409801426343619823e-04 8.452259353362023830e-04 -1.259394139051437378e-01 1.381118595600128174e-01 -1.337125003337860107e-01 8.872539183357730508e-05 -0.000000000000000000e+00 -1.604893058538436890e-01 -8.452259353362023830e-04 -1.361018717288970947e-01 8.872539183357730508e-05 -4.669742793339537457e-06 0.000000000000000000e+00 -4.470677522476762533e-04 -0.000000000000000000e+00
# New slice
1.632965803146362305e-01 -5.501605337485671043e-04 -4.926709807477891445e-04 -4.868835676461458206e-04 -4.669742793339537457e-06 1.113144904375076294e-01 3.747842274606227875e-04 -4.868835676461458206e-04 1.590844392776489258e-01 -4.868835676461458206e-04 -1.309150606393814087e-01 8.452259353362023830e-04 1.102823838591575623e-01 -1.082010045647621155e-01 -4.448560503078624606e-05 8.872539183357730508e-05 8.872539183357730508e-05 7.740185246802866459e-04 8.452259353362023830e-04 0.000000000000000000e+00 8.452259353362023830e-04 -1.012441888451576233e-01 4.811153921764343977e-04 0.000000000000000000e+00 -1.466315686702728271e-01 1.087996885180473328e-01 4.448560503078624606e-05 8.872539183357730508e-05 3.536725998856127262e-04 0.000000000000000000e+00 -4.470677522476762533e-04 1.194918379187583923e-01
# New slice
4.694442322943359613e-04 -5.017113289795815945e-04 -8.452259353362023830e-04 1.638684272766113281e-01 -4.669742793339537457e-06 0.000000000000000000e+00 4.470677522476762533e-04 -4.868835676461458206e-04 -1.338442862033843994e-01 -8.452259353362023830e-04 1.978588402271270752e-01 8.452259353362023830e-04 -7.708241464570164680e-04 -3.666445554699748755e-04 1.261863410472869873e-01 8.872539183357730508e-05 8.872539183357730508e-05 1.283304691314697266e-01 1.374417394399642944e-01 -0.000000000000000000e+00 -1.714819073677062988e-01 4.448560503078624606e-05 1.093654185533523560e-01 -0.000000000000000000e+00 1.568570137023925781e-01 -8.452259353362023830e-04 -1.336479187011718750e-01 8.872539183357730508e-05 -1.918321102857589722e-01 1.208818554878234863e-01 -8.452259353362023830e-04 -0.000000000000000000e+00
# New slice
6.050643278285861015e-04 -5.907213781028985977e-04 -1.079444214701652527e-01 1.477962881326675415e-01 1.119722500443458557e-01 0.000000000000000000e+00 4.868835676461458206e-04 -4.868835676461458206e-04 0.000000000000000000e+00 -4.868835676461458206e-04 1.812736541032791138e-01 -3.041559539269655943e-04 -8.452259353362023830e-04 -6.708125001750886440e-04 1.758209168910980225e-01 8.872539183357730508e-05 -1.314809471368789673e-01 1.359298378229141235e-01 8.452259353362023830e-04 -0.000000000000000000e+00 -8.872539183357730508e-05 4.448560503078624606e-05 -1.972212642431259155e-01 0.000000000000000000e+00 -4.868835676461458206e-04 -1.429678350687026978e-01 4.868835676461458206e-04 8.872539183357730508e-05 4.868835676461458206e-04 1.277303695678710938e-01 -4.470677522476762533e-04 -1.737116277217864990e-01
# New slice
7.998311193659901619e-04 -6.002318114042282104e-04 4.028279508929699659e-04 -4.868835676461458206e-04 -1.478603035211563110e-01 -1.317877024412155151e-01 -3.536725998856127262e-04 1.308965981006622314e-01 -1.414238512516021729e-01 -1.697609573602676392e-01 -0.000000000000000000e+00 -1.628561615943908691e-01 1.740854978561401367e-01 -2.573186066001653671e-04 1.896740794181823730e-01 8.872539183357730508e-05 8.872539183357730508e-05 5.863732076250016689e-04 1.414763480424880981e-01 -0.000000000000000000e+00 1.411024481058120728e-01 4.448560503078624606e-05 -1.583605557680130005e-01 1.586640179157257080e-01 -4.868835676461458206e-04 -8.452259353362023830e-04 2.257571759400889277e-04 1.535173505544662476e-01 -1.055644601583480835e-01 0.000000000000000000e+00 -4.470677522476762533e-04 -0.000000000000000000e+00
# New slice
8.454835624434053898e-04 -6.004064343869686127e-04 -1.545266956090927124e-01 -4.868835676461458206e-04 -4.669742793339537457e-06 -1.225436553359031677e-01 -3.536725998856127262e-04 -4.868835676461458206e-04 0.000000000000000000e+00 1.354853063821792603e-01 0.000000000000000000e+00 7.650158368051052094e-04 -8.452259353362023830e-04 -1.075808468158356845e-04 -4.448560503078624606e-05 1.193798482418060303e-01 8.872539183357730508e-05 -1.333800554275512695e-01 1.834978312253952026e-01 0.000000000000000000e+00 -1.178926751017570496e-01 1.287808716297149658e-01 4.448560503078624606e-05 0.000000000000000000e+00 -4.868835676461458206e-04 1.237503737211227417e-01 -8.872539183357730508e-05 -1.556411534547805786e-01 -4.669742793339537457e-06 -1.786797195672988892e-01 -4.470677522476762533e-04 0.000000000000000000e+00
# New slice
5.690461839549243450e-04 -6.002658628858625889e-04 -8.452259353362023830e-04 -4.868835676461458206e-04 -4.669742793339537457e-06 -0.000000000000000000e+00 1.363416761159896851e-01 -4.868835676461458206e-04 0.000000000000000000e+00 -8.452259353362023830e-04 -0.000000000000000000e+00 -1.675107926130294800e-01 -1.048812568187713623e-01 3.672774982987903059e-05 1.496163159608840942e-01 1.493730396032333374e-01 8.872539183357730508e-05 6.782574928365647793e-04 -1.430092155933380127e-01 -0.000000000000000000e+00 3.536725998856127262e-04 4.448560503078624606e-05 -1.060120090842247009e-01 1.441832631826400757e-01 -4.470677522476762533e-04 -8.452259353362023830e-04 -8.872539183357730508e-05 1.147740632295608521e-01 4.868835676461458206e-04 0.000000000000000000e+00 1.170725151896476746e-01 -1.582609862089157104e-01
# New slice
-1.904993057250976562e-01 -6.139428587630391121e-04 1.568720489740371704e-01 -8.872539183357730508e-05 -4.669742793339537457e-06 -0.000000000000000000e+00 -1.243064105510711670e-01 -4.868835676461458206e-04 -1.180094107985496521e-01 -8.452259353362023830e-04 0.000000000000000000e+00 7.739089196547865868e-04 -5.742743960581719875e-04 -1.553845504531636834e-04 -4.448560503078624606e-05 1.187367960810661316e-01 1.275149434804916382e-01 7.319771684706211090e-04 8.452259353362023830e-04 0.000000000000000000e+00 4.470677522476762533e-04 -1.227988004684448242e-01 -3.536725998856127262e-04 0.000000000000000000e+00 -4.470677522476762533e-04 -8.452259353362023830e-04 -8.872539183357730508e-05 8.872539183357730508e-05 1.243829131126403809e-01 -0.000000000000000000e+00 -8.452259353362023830e-04 0.000000000000000000e+00
# New slice
1.747964997775852680e-04 1.579212248325347900e-01 5.887447623535990715e-04 -8.452259353362023830e-04 -4.470677522476762533e-04 -0.000000000000000000e+00 4.868835676461458206e-04 -4.868835676461458206e-04 -0.000000000000000000e+00 -8.447758154943585396e-04 -0.000000000000000000e+00 -1.212664428749121726e-04 -8.452259353362023830e-04 -2.742995457083452493e-05 -1.653250604867935181e-01 1.286633759737014771e-01 1.883998047560453415e-04 6.845981697551906109e-04 1.696010977029800415e-01 -0.000000000000000000e+00 -8.872539183357730508e-05 4.448560503078624606e-05 1.456504017114639282e-01 -1.126952096819877625e-01 1.466365754604339600e-01 -8.452259353362023830e-04 4.448560503078624606e-05 -1.135460361838340759e-01 4.868835676461458206e-04 -0.000000000000000000e+00 -4.470677522476762533e-04 0.000000000000000000e+00
# New slice
6.143674836494028568e-04 -6.001705769449472427e-04 4.028279508929699659e-04 -1.268087476491928101e-01 -4.470677522476762533e-04 0.000000000000000000e+00 -3.536725998856127262e-04 1.309318542480468750e-01 -0.000000000000000000e+00 -8.452259353362023830e-04 -0.000000000000000000e+00 9.490096272202208638e-05 -8.452259353362023830e-04 5.618899740511551499e-05 -4.868835676461458206e-04 8.872539183357730508e-05 8.872539183357730508e-05 5.731394630856812000e-04 8.452259353362023830e-04 -0.000000000000000000e+00 -8.872539183357730508e-05 -4.107878485228866339e-04 4.448560503078624606e-05 1.230767741799354553e-01 -4.868835676461458206e-04 1.122799664735794067e-01 4.448560503078624606e-05 1.327222287654876709e-01 1.405428797006607056e-01 -0.000000000000000000e+00 -4.470677522476762533e-04 -1.794154047966003418e-01
# New slice
8.420395315624773502e-04 -6.001840229146182537e-04 -1.344208121299743652e-01 -8.872539183357730508e-05 -4.470677522476762533e-04 1.203543767333030701e-01 -3.536725998856127262e-04 -4.868835676461458206e-04 -0.000000000000000000e+00 -8.452259353362023830e-04 0.000000000000000000e+00 7.561686215922236443e-04 -1.332080960273742676e-01 1.030398085713386536e-01 -4.448560503078624606e-05 8.872539183357730508e-05 8.872539183357730508e-05 -1.304426193237304688e-01 -1.035485565662384033e-01 0.000000000000000000e+00 -1.156238541007041931e-01 4.448560503078624606e-05 4.448560503078624606e-05 -0.000000000000000000e+00 -8.452259353362023830e-04 -8.452259353362023830e-04 -4.470677522476762533e-04 8.872539183357730508e-05 6.373185897246003151e-04 -1.456913053989410400e-01 -4.470677522476762533e-04 -0.000000000000000000e+00
# New slice
1.060939729213714600e-01 -6.082445033825933933e-04 -8.452259353362023830e-04 -8.872539183357730508e-05 -4.669742793339537457e-06 -0.000000000000000000e+00 4.470677522476762533e-04 -4.868835676461458206e-04 -0.000000000000000000e+00 -8.452259353362023830e-04 0.000000000000000000e+00 6.027477793395519257e-04 -8.452259353362023830e-04 4.080095823155716062e-05 1.267581284046173096e-01 8.872539183357730508e-05 8.872539183357730508e-05 1.290259808301925659e-01 8.452259353362023830e-04 0.000000000000000000e+00 3.536725998856127262e-04 4.448560503078624606e-05 -3.536725998856127262e-04 -1.432453095912933350e-01 -4.470677522476762533e-04 -8.452259353362023830e-04 -4.470677522476762533e-04 8.872539183357730508e-05 -1.183332875370979309e-01 -0.000000000000000000e+00 -4.470677522476762533e-04 0.000000000000000000e+00
# New slice
8.296676096506416798e-04 -6.884715403430163860e-04 -8.452259353362023830e-04 -4.470677522476762533e-04 -1.271769106388092041e-01 -1.074296608567237854e-01 4.470677522476762533e-04 -4.868835676461458206e-04 0.000000000000000000e+00 -8.452259353362023830e-04 -0.000000000000000000e+00 1.625389158725738525e-01 -8.452259353362023830e-04 1.577150978846475482e-04 -4.448560503078624606e-05 1.729086339473724365e-01 1.173057854175567627e-01 1.730726361274719238e-01 8.452259353362023830e-04 0.000000000000000000e+00 8.452259353362023830e-04 -4.470677522476762533e-04 -3.536725998856127262e-04 -0.000000000000000000e+00 -1.133467480540275574e-01 -8.452259353362023830e-04 1.340737789869308472e-01 8.872539183357730508e-05 4.868835676461458206e-04 -0.000000000000000000e+00 -8.452259353362023830e-04 1.512916386127471924e-01
# New slice
-4.093345778528600931e-04 -5.722985952161252499e-04 4.868835676461458206e-04 -1.119257882237434387e-01 -1.499458253383636475e-01 -0.000000000000000000e+00 1.569286832818761468e-04 -4.868835676461458206e-04 -0.000000000000000000e+00 -8.452259353362023830e-04 1.501942723989486694e-01 -3.536725998856127262e-04 -8.452259353362023830e-04 5.495094810612499714e-04 -4.868835676461458206e-04 -4.868835676461458206e-04 4.868835676461458206e-04 7.091822335496544838e-04 8.452259353362023830e-04 1.282679885625839233e-01 3.536725998856127262e-04 -4.868835676461458206e-04 4.448560503078624606e-05 -1.252745985984802246e-01 -4.448560503078624606e-05 -8.452259353362023830e-04 4.448560503078624606e-05 8.872539183357730508e-05 4.868835676461458206e-04 0.000000000000000000e+00 -4.470677522476762533e-04 0.000000000000000000e+00
# New slice
4.961037775501608849e-04 -5.975003005005419254e-04 -1.176686957478523254e-01 -8.452259353362023830e-04 -4.470677522476762533e-04 1.096297129988670349e-01 8.872539183357730508e-05 -4.868835676461458206e-04 1.333200186491012573e-01 -8.452259353362023830e-04 -0.000000000000000000e+00 -1.302250176668167114e-01 -8.452259353362023830e-04 -1.615586280822753906e-01 -4.868835676461458206e-04 -1.845275312662124634e-01 3.955444553866982460e-04 1.220394074916839600e-01 8.452259353362023830e-04 -0.000000000000000000e+00 3.536725998856127262e-04 -1.916107088327407837e-01 1.130099073052406311e-01 0.000000000000000000e+00 -4.028279508929699659e-04 -8.452259353362023830e-04 4.448560503078624606e-05 1.032585650682449341e-01 4.868835676461458206e-04 0.000000000000000000e+00 -4.470677522476762533e-04 -1.564459204673767090e-01
# New slice
-1.507844626903533936e-01 -5.961201968602836132e-04 -1.095066368579864502e-01 -8.454245980829000473e-04 -4.470677522476762533e-04 1.413303464651107788e-01 -1.433994919061660767e-01 -4.868835676461458206e-04 0.000000000000000000e+00 -8.452259353362023830e-04 -1.197378560900688171e-01 2.750518324319273233e-04 1.453860402107238770e-01 -1.376264553982764482e-04 -4.448560503078624606e-05 -1.071680933237075806e-01 8.872539183357730508e-05 -1.368445008993148804e-01 1.335112750530242920e-01 0.000000000000000000e+00 1.568190604448318481e-01 4.448560503078624606e-05 4.448560503078624606e-05 1.568401604890823364e-01 -4.028279508929699659e-04 1.506671756505966187e-01 -4.470677522476762533e-04 8.872539183357730508e-05 4.868835676461458206e-04 0.000000000000000000e+00 -4.470677522476762533e-04 0.000000000000000000e+00
# New slice
5.765648675151169300e-04 -1.715915054082870483e-01 -8.452259353362023830e-04 -4.470677522476762533e-04 -4.470677522476762533e-04 0.000000000000000000e+00 4.470677522476762533e-04 -4.868835676461458206e-04 -0.000000000000000000e+00 -8.452259353362023830e-04 -0.000000000000000000e+00 3.872516390401870012e-04 -8.452259353362023830e-04 1.796128004789352417e-01 1.718709766864776611e-01 4.470677522476762533e-04 4.756680282298475504e-04 1.077236831188201904e-01 8.452259353362023830e-04 0.000000000000000000e+00 1.217089667916297913e-01 -4.259550478309392929e-04 -3.536725998856127262e-04 1.218451783061027527e-01 -8.452259353362023830e-04 -1.022284775972366333e-01 1.331935375928878784e-01 8.872539183357730508e-05 4.868835676461458206e-04 0.000000000000000000e+00 -4.470677522476762533e-04 -0.000000000000000000e+00
# New slice
8.049427997320890427e-04 -1.318281138082966208e-04 -8.452259353362023830e-04 -4.470677522476762533e-04 -4.470677522476762533e-04 -0.000000000000000000e+00 4.470677522476762533e-04 -1.231486275792121887e-01 -1.158877387642860413e-01 1.540264934301376343e-01 -0.000000000000000000e+00 4.835482395719736814e-04 -8.452259353362023830e-04 1.430371194146573544e-04 -4.448560503078624606e-05 1.459973454475402832e-01 -1.275521367788314819e-01 6.968647940084338188e-04 8.452259353362023830e-04 1.451471894979476929e-01 8.452259353362023830e-04 -4.470677522476762533e-04 1.929140686988830566e-01 -1.135236248373985291e-01 -8.452259353362023830e-04 -8.452259353362023830e-04 4.448560503078624606e-05 8.872539183357730508e-05 4.868835676461458206e-04 -1.917463988065719604e-01 -8.452259353362023830e-04 0.000000000000000000e+00
# New slice
